{
    "camera_angle_x": 0.691111147403717,
    "w":256,
    "h":256,
    "frames": [
        {
            "file_path": "data/03543_dress/images/r_0.png",
            "rotation": 0.06283185307179587,
            "transform_matrix": [
                [
                    -0.9999999403953552,
                    0.0,
                    0.0,
                    0.0
                ],
                [
                    0.0,
                    -0.41173309087753296,
                    0.9113044142723083,
                    3.673585891723633
                ],
                [
                    0.0,
                    0.9113044738769531,
                    0.41173306107521057,
                    1.659749150276184
                ],
                [
                    0.0,
                    0.0,
                    0.0,
                    1.0
                ]
            ]
        },
        {
            "file_path": "data/03543_dress/images/r_1.png",
            "rotation": 0.06283185307179587,
            "transform_matrix": [
                [
                    -0.9980266690254211,
                    0.025852935388684273,
                    -0.05722128227353096,
                    -0.2306663691997528
                ],
                [
                    -0.06279051303863525,
                    -0.410920649766922,
                    0.9095062017440796,
                    3.66633677482605
                ],
                [
                    -1.8626450382086546e-09,
                    0.9113044738769531,
                    0.41173309087753296,
                    1.659749150276184
                ],
                [
                    0.0,
                    0.0,
                    0.0,
                    1.0
                ]
            ]
        },
        {
            "file_path": "data/03543_dress/images/r_2.png",
            "rotation": 0.06283185307179587,
            "transform_matrix": [
                [
                    -0.992114782333374,
                    0.05160384252667427,
                    -0.11421673744916916,
                    -0.46042242646217346
                ],
                [
                    -0.1253332495689392,
                    -0.40848642587661743,
                    0.9041184782981873,
                    3.644618511199951
                ],
                [
                    0.0,
                    0.9113044142723083,
                    0.41173306107521057,
                    1.659749150276184
                ],
                [
                    0.0,
                    0.0,
                    0.0,
                    1.0
                ]
            ]
        },
        {
            "file_path": "data/03543_dress/images/r_3.png",
            "rotation": 0.06283185307179587,
            "transform_matrix": [
                [
                    -0.9822871685028076,
                    0.07715108245611191,
                    -0.17076143622398376,
                    -0.6883613467216492
                ],
                [
                    -0.1873812973499298,
                    -0.40444010496139526,
                    0.89516282081604,
                    3.6085166931152344
                ],
                [
                    7.450580152834618e-09,
                    0.9113044738769531,
                    0.41173309087753296,
                    1.659749150276184
                ],
                [
                    0.0,
                    0.0,
                    0.0,
                    1.0
                ]
            ]
        },
        {
            "file_path": "data/03543_dress/images/r_4.png",
            "rotation": 0.06283185307179587,
            "transform_matrix": [
                [
                    -0.9685832262039185,
                    0.10239386558532715,
                    -0.226632222533226,
                    -0.9135836958885193
                ],
                [
                    -0.2486899346113205,
                    -0.3987977206707001,
                    0.8826741576194763,
                    3.558173418045044
                ],
                [
                    0.0,
                    0.9113044142723083,
                    0.41173309087753296,
                    1.659749150276184
                ],
                [
                    0.0,
                    0.0,
                    0.0,
                    1.0
                ]
            ]
        },
        {
            "file_path": "data/03543_dress/images/r_5.png",
            "rotation": 0.06283185307179587,
            "transform_matrix": [
                [
                    -0.9510565400123596,
                    0.12723252177238464,
                    -0.28160855174064636,
                    -1.1352005004882812
                ],
                [
                    -0.30901700258255005,
                    -0.3915814459323883,
                    0.8667020201683044,
                    3.4937877655029297
                ],
                [
                    -7.450580596923828e-09,
                    0.9113044738769531,
                    0.41173306107521057,
                    1.659749150276184
                ],
                [
                    0.0,
                    0.0,
                    0.0,
                    1.0
                ]
            ]
        },
        {
            "file_path": "data/03543_dress/images/r_6.png",
            "rotation": 0.06283185307179587,
            "transform_matrix": [
                [
                    -0.9297764897346497,
                    0.15156905353069305,
                    -0.33547356724739075,
                    -1.352337121963501
                ],
                [
                    -0.3681245744228363,
                    -0.3828197121620178,
                    0.8473094701766968,
                    3.4156136512756348
                ],
                [
                    0.0,
                    0.9113044142723083,
                    0.41173309087753296,
                    1.659749150276184
                ],
                [
                    0.0,
                    0.0,
                    0.0,
                    1.0
                ]
            ]
        },
        {
            "file_path": "data/03543_dress/images/r_7.png",
            "rotation": 0.06283185307179587,
            "transform_matrix": [
                [
                    -0.9048271179199219,
                    0.17530740797519684,
                    -0.3880145251750946,
                    -1.5641367435455322
                ],
                [
                    -0.4257793426513672,
                    -0.3725472092628479,
                    0.8245728611946106,
                    3.3239598274230957
                ],
                [
                    0.0,
                    0.9113044142723083,
                    0.41173306107521057,
                    1.659749150276184
                ],
                [
                    0.0,
                    0.0,
                    0.0,
                    1.0
                ]
            ]
        },
        {
            "file_path": "data/03543_dress/images/r_8.png",
            "rotation": 0.06283185307179587,
            "transform_matrix": [
                [
                    -0.8763066530227661,
                    0.19835393130779266,
                    -0.43902426958084106,
                    -1.769763469696045
                ],
                [
                    -0.4817536473274231,
                    -0.3608044683933258,
                    0.7985821962356567,
                    3.2191877365112305
                ],
                [
                    0.0,
                    0.9113044738769531,
                    0.41173309087753296,
                    1.659749150276184
                ],
                [
                    0.0,
                    0.0,
                    0.0,
                    1.0
                ]
            ]
        },
        {
            "file_path": "data/03543_dress/images/r_9.png",
            "rotation": 0.06283185307179587,
            "transform_matrix": [
                [
                    -0.8443279266357422,
                    0.2206176221370697,
                    -0.48830142617225647,
                    -1.9684059619903564
                ],
                [
                    -0.5358268618583679,
                    -0.34763771295547485,
                    0.7694398164749146,
                    3.1017110347747803
                ],
                [
                    -1.4901161193847656e-08,
                    0.9113044142723083,
                    0.41173309087753296,
                    1.659749150276184
                ],
                [
                    0.0,
                    0.0,
                    0.0,
                    1.0
                ]
            ]
        },
        {
            "file_path": "data/03543_dress/images/r_10.png",
            "rotation": 0.06283185307179587,
            "transform_matrix": [
                [
                    -0.8090168833732605,
                    0.2420106679201126,
                    -0.5356513857841492,
                    -2.1592798233032227
                ],
                [
                    -0.5877852439880371,
                    -0.3330990672111511,
                    0.7372607588768005,
                    2.9719932079315186
                ],
                [
                    -1.4901160305669237e-08,
                    0.9113044738769531,
                    0.41173309087753296,
                    1.659749150276184
                ],
                [
                    0.0,
                    0.0,
                    0.0,
                    1.0
                ]
            ]
        },
        {
            "file_path": "data/03543_dress/images/r_11.png",
            "rotation": 0.06283185307179587,
            "transform_matrix": [
                [
                    -0.7705131769180298,
                    0.26244857907295227,
                    -0.5808874368667603,
                    -2.341632127761841
                ],
                [
                    -0.6374240517616272,
                    -0.3172457814216614,
                    0.7021721005439758,
                    2.8305463790893555
                ],
                [
                    -1.4901161193847656e-08,
                    0.9113044738769531,
                    0.41173309087753296,
                    1.659749150276184
                ],
                [
                    0.0,
                    0.0,
                    0.0,
                    1.0
                ]
            ]
        },
        {
            "file_path": "data/03543_dress/images/r_12.png",
            "rotation": 0.06283185307179587,
            "transform_matrix": [
                [
                    -0.7289685606956482,
                    0.28185075521469116,
                    -0.6238309144973755,
                    -2.514742851257324
                ],
                [
                    -0.6845471858978271,
                    -0.30014047026634216,
                    0.6643123030662537,
                    2.6779284477233887
                ],
                [
                    1.4901161193847656e-08,
                    0.9113044738769531,
                    0.41173309087753296,
                    1.659749150276184
                ],
                [
                    0.0,
                    0.0,
                    0.0,
                    1.0
                ]
            ]
        },
        {
            "file_path": "data/03543_dress/images/r_13.png",
            "rotation": 0.06283185307179587,
            "transform_matrix": [
                [
                    -0.684546947479248,
                    0.3001405894756317,
                    -0.664312481880188,
                    -2.677929162979126
                ],
                [
                    -0.7289687991142273,
                    -0.2818506360054016,
                    0.6238307356834412,
                    2.514742136001587
                ],
                [
                    2.9802322387695312e-08,
                    0.9113044738769531,
                    0.41173309087753296,
                    1.659749150276184
                ],
                [
                    0.0,
                    0.0,
                    0.0,
                    1.0
                ]
            ]
        },
        {
            "file_path": "data/03543_dress/images/r_14.png",
            "rotation": 0.06283185307179587,
            "transform_matrix": [
                [
                    -0.6374238729476929,
                    0.31724587082862854,
                    -0.7021722793579102,
                    -2.8305470943450928
                ],
                [
                    -0.7705134153366089,
                    -0.2624484896659851,
                    0.5808871984481812,
                    2.3416311740875244
                ],
                [
                    0.0,
                    0.9113044738769531,
                    0.41173309087753296,
                    1.659749150276184
                ],
                [
                    0.0,
                    0.0,
                    0.0,
                    1.0
                ]
            ]
        },
        {
            "file_path": "data/03543_dress/images/r_15.png",
            "rotation": 0.06283185307179587,
            "transform_matrix": [
                [
                    -0.5877850651741028,
                    0.3330990970134735,
                    -0.7372608780860901,
                    -2.971993923187256
                ],
                [
                    -0.8090170621871948,
                    -0.24201057851314545,
                    0.5356511473655701,
                    2.1592791080474854
                ],
                [
                    0.0,
                    0.9113044738769531,
                    0.41173306107521057,
                    1.659749150276184
                ],
                [
                    0.0,
                    0.0,
                    0.0,
                    1.0
                ]
            ]
        },
        {
            "file_path": "data/03543_dress/images/r_16.png",
            "rotation": 0.06283185307179587,
            "transform_matrix": [
                [
                    -0.5358266234397888,
                    0.34763777256011963,
                    -0.7694398760795593,
                    -3.1017115116119385
                ],
                [
                    -0.844327986240387,
                    -0.22061756253242493,
                    0.48830121755599976,
                    1.9684052467346191
                ],
                [
                    0.0,
                    0.9113044738769531,
                    0.41173306107521057,
                    1.659749150276184
                ],
                [
                    0.0,
                    0.0,
                    0.0,
                    1.0
                ]
            ]
        },
        {
            "file_path": "data/03543_dress/images/r_17.png",
            "rotation": 0.06283185307179587,
            "transform_matrix": [
                [
                    -0.48175346851348877,
                    0.3608044981956482,
                    -0.7985823154449463,
                    -3.2191882133483887
                ],
                [
                    -0.8763067126274109,
                    -0.1983538568019867,
                    0.4390241205692291,
                    1.7697628736495972
                ],
                [
                    0.0,
                    0.9113044738769531,
                    0.41173309087753296,
                    1.659749150276184
                ],
                [
                    0.0,
                    0.0,
                    0.0,
                    1.0
                ]
            ]
        },
        {
            "file_path": "data/03543_dress/images/r_18.png",
            "rotation": 0.06283185307179587,
            "transform_matrix": [
                [
                    -0.4257790744304657,
                    0.37254729866981506,
                    -0.8245730400085449,
                    -3.323960304260254
                ],
                [
                    -0.9048271179199219,
                    -0.17530734837055206,
                    0.38801437616348267,
                    1.564136028289795
                ],
                [
                    0.0,
                    0.9113044738769531,
                    0.41173309087753296,
                    1.659749150276184
                ],
                [
                    0.0,
                    0.0,
                    0.0,
                    1.0
                ]
            ]
        },
        {
            "file_path": "data/03543_dress/images/r_19.png",
            "rotation": 0.06283185307179587,
            "transform_matrix": [
                [
                    -0.3681242763996124,
                    0.3828197717666626,
                    -0.8473095893859863,
                    -3.415614128112793
                ],
                [
                    -0.9297766089439392,
                    -0.1515689492225647,
                    0.33547332882881165,
                    1.3523362874984741
                ],
                [
                    0.0,
                    0.9113044738769531,
                    0.41173309087753296,
                    1.659749150276184
                ],
                [
                    0.0,
                    0.0,
                    0.0,
                    1.0
                ]
            ]
        },
        {
            "file_path": "data/03543_dress/images/r_20.png",
            "rotation": 0.06283185307179587,
            "transform_matrix": [
                [
                    -0.30901673436164856,
                    0.3915814459323883,
                    -0.866702139377594,
                    -3.493788003921509
                ],
                [
                    -0.9510565996170044,
                    -0.1272324025630951,
                    0.28160831332206726,
                    1.1351994276046753
                ],
                [
                    0.0,
                    0.9113044738769531,
                    0.41173309087753296,
                    1.659749150276184
                ],
                [
                    0.0,
                    0.0,
                    0.0,
                    1.0
                ]
            ]
        },
        {
            "file_path": "data/03543_dress/images/r_21.png",
            "rotation": 0.06283185307179587,
            "transform_matrix": [
                [
                    -0.24868960678577423,
                    0.39879775047302246,
                    -0.8826742172241211,
                    -3.558173656463623
                ],
                [
                    -0.9685831665992737,
                    -0.102393738925457,
                    0.22663195431232452,
                    0.9135826230049133
                ],
                [
                    0.0,
                    0.9113044142723083,
                    0.41173309087753296,
                    1.659749150276184
                ],
                [
                    0.0,
                    0.0,
                    0.0,
                    1.0
                ]
            ]
        },
        {
            "file_path": "data/03543_dress/images/r_22.png",
            "rotation": 0.06283185307179587,
            "transform_matrix": [
                [
                    -0.18738098442554474,
                    0.4044402241706848,
                    -0.8951628804206848,
                    -3.6085169315338135
                ],
                [
                    -0.9822872877120972,
                    -0.07715095579624176,
                    0.1707611382007599,
                    0.6883601546287537
                ],
                [
                    0.0,
                    0.9113044738769531,
                    0.41173309087753296,
                    1.659749150276184
                ],
                [
                    0.0,
                    0.0,
                    0.0,
                    1.0
                ]
            ]
        },
        {
            "file_path": "data/03543_dress/images/r_23.png",
            "rotation": 0.06283185307179587,
            "transform_matrix": [
                [
                    -0.12533287703990936,
                    0.4084864854812622,
                    -0.9041185975074768,
                    -3.6446187496185303
                ],
                [
                    -0.992114782333374,
                    -0.05160369724035263,
                    0.11421641707420349,
                    0.4604211151599884
                ],
                [
                    0.0,
                    0.9113044738769531,
                    0.41173309087753296,
                    1.659749150276184
                ],
                [
                    0.0,
                    0.0,
                    0.0,
                    1.0
                ]
            ]
        },
        {
            "file_path": "data/03543_dress/images/r_24.png",
            "rotation": 0.06283185307179587,
            "transform_matrix": [
                [
                    -0.06279014050960541,
                    0.4109206199645996,
                    -0.9095062613487244,
                    -3.666337013244629
                ],
                [
                    -0.9980267882347107,
                    -0.025852780789136887,
                    0.0572209395468235,
                    0.23066498339176178
                ],
                [
                    -3.725290298461914e-09,
                    0.9113044738769531,
                    0.41173309087753296,
                    1.659749150276184
                ],
                [
                    0.0,
                    0.0,
                    0.0,
                    1.0
                ]
            ]
        },
        {
            "file_path": "data/03543_dress/images/r_25.png",
            "rotation": 0.06283185307179587,
            "transform_matrix": [
                [
                    4.013392072010902e-07,
                    0.41173309087753296,
                    -0.9113044142723083,
                    -3.673585891723633
                ],
                [
                    -0.9999999403953552,
                    1.652446570687971e-07,
                    -3.6574223827301466e-07,
                    -1.4743542351425276e-06
                ],
                [
                    0.0,
                    0.9113044738769531,
                    0.41173306107521057,
                    1.659749150276184
                ],
                [
                    0.0,
                    0.0,
                    0.0,
                    1.0
                ]
            ]
        },
        {
            "file_path": "data/03543_dress/images/r_26.png",
            "rotation": 0.06283185307179587,
            "transform_matrix": [
                [
                    0.06279093027114868,
                    0.4109206199645996,
                    -0.9095062017440796,
                    -3.66633677482605
                ],
                [
                    -0.9980266690254211,
                    0.025853106752038002,
                    -0.0572216659784317,
                    -0.23066791892051697
                ],
                [
                    -1.8626450382086546e-09,
                    0.9113044738769531,
                    0.41173309087753296,
                    1.659749150276184
                ],
                [
                    0.0,
                    0.0,
                    0.0,
                    1.0
                ]
            ]
        },
        {
            "file_path": "data/03543_dress/images/r_27.png",
            "rotation": 0.06283185307179587,
            "transform_matrix": [
                [
                    0.12533368170261383,
                    0.4084864854812622,
                    -0.9041184186935425,
                    -3.644618272781372
                ],
                [
                    -0.9921146035194397,
                    0.051604028791189194,
                    -0.11421713978052139,
                    -0.4604240357875824
                ],
                [
                    -3.725290298461914e-09,
                    0.9113044142723083,
                    0.41173306107521057,
                    1.659749150276184
                ],
                [
                    0.0,
                    0.0,
                    0.0,
                    1.0
                ]
            ]
        },
        {
            "file_path": "data/03543_dress/images/r_28.png",
            "rotation": 0.06283185307179587,
            "transform_matrix": [
                [
                    0.187381774187088,
                    0.4044400751590729,
                    -0.8951626420021057,
                    -3.608516216278076
                ],
                [
                    -0.9822871685028076,
                    0.07715126872062683,
                    -0.170761838555336,
                    -0.6883630752563477
                ],
                [
                    7.450580596923828e-09,
                    0.9113044142723083,
                    0.41173306107521057,
                    1.659749150276184
                ],
                [
                    0.0,
                    0.0,
                    0.0,
                    1.0
                ]
            ]
        },
        {
            "file_path": "data/03543_dress/images/r_29.png",
            "rotation": 0.06283185307179587,
            "transform_matrix": [
                [
                    0.24869036674499512,
                    0.3987977206707001,
                    -0.882673978805542,
                    -3.5581729412078857
                ],
                [
                    -0.9685830473899841,
                    0.10239405930042267,
                    -0.22663263976573944,
                    -0.9135854244232178
                ],
                [
                    -7.450580596923828e-09,
                    0.9113044738769531,
                    0.41173306107521057,
                    1.659749150276184
                ],
                [
                    0.0,
                    0.0,
                    0.0,
                    1.0
                ]
            ]
        },
        {
            "file_path": "data/03543_dress/images/r_30.png",
            "rotation": 0.06283185307179587,
            "transform_matrix": [
                [
                    0.30901750922203064,
                    0.39158135652542114,
                    -0.8667019009590149,
                    -3.4937870502471924
                ],
                [
                    -0.9510563611984253,
                    0.12723273038864136,
                    -0.28160902857780457,
                    -1.1352022886276245
                ],
                [
                    0.0,
                    0.9113044738769531,
                    0.41173309087753296,
                    1.659749150276184
                ],
                [
                    0.0,
                    0.0,
                    0.0,
                    1.0
                ]
            ]
        },
        {
            "file_path": "data/03543_dress/images/r_31.png",
            "rotation": 0.06283185307179587,
            "transform_matrix": [
                [
                    0.3681250512599945,
                    0.38281965255737305,
                    -0.8473092913627625,
                    -3.4156129360198975
                ],
                [
                    -0.9297763109207153,
                    0.15156926214694977,
                    -0.33547401428222656,
                    -1.3523390293121338
                ],
                [
                    0.0,
                    0.9113044738769531,
                    0.41173309087753296,
                    1.659749150276184
                ],
                [
                    0.0,
                    0.0,
                    0.0,
                    1.0
                ]
            ]
        },
        {
            "file_path": "data/03543_dress/images/r_32.png",
            "rotation": 0.06283185307179587,
            "transform_matrix": [
                [
                    0.4257798194885254,
                    0.37254711985588074,
                    -0.824572741985321,
                    -3.3239588737487793
                ],
                [
                    -0.9048268795013428,
                    0.17530763149261475,
                    -0.3880150616168976,
                    -1.564138650894165
                ],
                [
                    0.0,
                    0.9113044738769531,
                    0.41173309087753296,
                    1.659749150276184
                ],
                [
                    0.0,
                    0.0,
                    0.0,
                    1.0
                ]
            ]
        },
        {
            "file_path": "data/03543_dress/images/r_33.png",
            "rotation": 0.06283185307179587,
            "transform_matrix": [
                [
                    0.48175427317619324,
                    0.36080431938171387,
                    -0.7985818982124329,
                    -3.219186544418335
                ],
                [
                    -0.876306414604187,
                    0.19835415482521057,
                    -0.43902480602264404,
                    -1.7697654962539673
                ],
                [
                    0.0,
                    0.9113044738769531,
                    0.41173309087753296,
                    1.659749150276184
                ],
                [
                    0.0,
                    0.0,
                    0.0,
                    1.0
                ]
            ]
        },
        {
            "file_path": "data/03543_dress/images/r_34.png",
            "rotation": 0.06283185307179587,
            "transform_matrix": [
                [
                    0.5358273386955261,
                    0.3476376235485077,
                    -0.7694394588470459,
                    -3.1017098426818848
                ],
                [
                    -0.8443276286125183,
                    0.2206178456544876,
                    -0.4883018136024475,
                    -1.9684077501296997
                ],
                [
                    0.0,
                    0.9113044738769531,
                    0.41173306107521057,
                    1.659749150276184
                ],
                [
                    0.0,
                    0.0,
                    0.0,
                    1.0
                ]
            ]
        },
        {
            "file_path": "data/03543_dress/images/r_35.png",
            "rotation": 0.06283185307179587,
            "transform_matrix": [
                [
                    0.5877857208251953,
                    0.3330989181995392,
                    -0.7372604608535767,
                    -2.971991777420044
                ],
                [
                    -0.8090165257453918,
                    0.24201084673404694,
                    -0.5356518030166626,
                    -2.1592814922332764
                ],
                [
                    -1.4901159417490817e-08,
                    0.9113044738769531,
                    0.41173309087753296,
                    1.659749150276184
                ],
                [
                    0.0,
                    0.0,
                    0.0,
                    1.0
                ]
            ]
        },
        {
            "file_path": "data/03543_dress/images/r_36.png",
            "rotation": 0.06283185307179587,
            "transform_matrix": [
                [
                    0.6374245285987854,
                    0.31724560260772705,
                    -0.7021717429161072,
                    -2.830544948577881
                ],
                [
                    -0.7705127596855164,
                    0.26244881749153137,
                    -0.5808878540992737,
                    -2.3416337966918945
                ],
                [
                    2.9802320611338473e-08,
                    0.9113044738769531,
                    0.41173309087753296,
                    1.659749150276184
                ],
                [
                    0.0,
                    0.0,
                    0.0,
                    1.0
                ]
            ]
        },
        {
            "file_path": "data/03543_dress/images/r_37.png",
            "rotation": 0.06283185307179587,
            "transform_matrix": [
                [
                    0.6845476031303406,
                    0.30014029145240784,
                    -0.664311945438385,
                    -2.677927017211914
                ],
                [
                    -0.7289681434631348,
                    0.2818508744239807,
                    -0.6238313317298889,
                    -2.514744520187378
                ],
                [
                    -1.4901161193847656e-08,
                    0.9113044142723083,
                    0.41173309087753296,
                    1.659749150276184
                ],
                [
                    0.0,
                    0.0,
                    0.0,
                    1.0
                ]
            ]
        },
        {
            "file_path": "data/03543_dress/images/r_38.png",
            "rotation": 0.06283185307179587,
            "transform_matrix": [
                [
                    0.7289690971374512,
                    0.2818504869937897,
                    -0.6238303780555725,
                    -2.5147407054901123
                ],
                [
                    -0.6845465898513794,
                    0.30014070868492126,
                    -0.6643128395080566,
                    -2.6779308319091797
                ],
                [
                    0.0,
                    0.9113044738769531,
                    0.41173309087753296,
                    1.659749150276184
                ],
                [
                    0.0,
                    0.0,
                    0.0,
                    1.0
                ]
            ]
        },
        {
            "file_path": "data/03543_dress/images/r_39.png",
            "rotation": 0.06283185307179587,
            "transform_matrix": [
                [
                    0.7705137133598328,
                    0.2624483108520508,
                    -0.5808867812156677,
                    -2.3416295051574707
                ],
                [
                    -0.6374233365058899,
                    0.3172459900379181,
                    -0.702172577381134,
                    -2.8305482864379883
                ],
                [
                    0.0,
                    0.9113044738769531,
                    0.41173309087753296,
                    1.659749150276184
                ],
                [
                    0.0,
                    0.0,
                    0.0,
                    1.0
                ]
            ]
        },
        {
            "file_path": "data/03543_dress/images/r_40.png",
            "rotation": 0.06283185307179587,
            "transform_matrix": [
                [
                    0.8090174794197083,
                    0.24201035499572754,
                    -0.5356507301330566,
                    -2.1592772006988525
                ],
                [
                    -0.5877845883369446,
                    0.33309924602508545,
                    -0.7372612357139587,
                    -2.9719951152801514
                ],
                [
                    0.0,
                    0.9113044142723083,
                    0.41173309087753296,
                    1.659749150276184
                ],
                [
                    0.0,
                    0.0,
                    0.0,
                    1.0
                ]
            ]
        },
        {
            "file_path": "data/03543_dress/images/r_41.png",
            "rotation": 0.06283185307179587,
            "transform_matrix": [
                [
                    0.8443283438682556,
                    0.22061732411384583,
                    -0.48830074071884155,
                    -1.9684032201766968
                ],
                [
                    -0.5358260273933411,
                    0.3476378917694092,
                    -0.769440233707428,
                    -3.101712703704834
                ],
                [
                    0.0,
                    0.9113044142723083,
                    0.41173309087753296,
                    1.659749150276184
                ],
                [
                    0.0,
                    0.0,
                    0.0,
                    1.0
                ]
            ]
        },
        {
            "file_path": "data/03543_dress/images/r_42.png",
            "rotation": 0.06283185307179587,
            "transform_matrix": [
                [
                    0.8763070702552795,
                    0.1983536034822464,
                    -0.43902358412742615,
                    -1.7697607278823853
                ],
                [
                    -0.481752872467041,
                    0.36080464720726013,
                    -0.7985826134681702,
                    -3.219189405441284
                ],
                [
                    0.0,
                    0.9113044738769531,
                    0.41173309087753296,
                    1.659749150276184
                ],
                [
                    0.0,
                    0.0,
                    0.0,
                    1.0
                ]
            ]
        },
        {
            "file_path": "data/03543_dress/images/r_43.png",
            "rotation": 0.06283185307179587,
            "transform_matrix": [
                [
                    0.9048274159431458,
                    0.17530710995197296,
                    -0.38801389932632446,
                    -1.564133882522583
                ],
                [
                    -0.42577850818634033,
                    0.37254735827445984,
                    -0.8245733380317688,
                    -3.323961019515991
                ],
                [
                    -1.4901160305669237e-08,
                    0.9113044738769531,
                    0.41173312067985535,
                    1.659749150276184
                ],
                [
                    0.0,
                    0.0,
                    0.0,
                    1.0
                ]
            ]
        },
        {
            "file_path": "data/03543_dress/images/r_44.png",
            "rotation": 0.06283185307179587,
            "transform_matrix": [
                [
                    0.9297768473625183,
                    0.1515687108039856,
                    -0.3354727625846863,
                    -1.3523341417312622
                ],
                [
                    -0.36812371015548706,
                    0.38281989097595215,
                    -0.8473097085952759,
                    -3.4156148433685303
